4.037000000000000000e+03 4.620506900589474442e-03
1.500000000000000000e+01 3.728093409413771580e-03
6.634000000000000000e+03 3.597561423838149027e-03
2.625000000000000000e+03 3.300106691639598591e-03
2.398000000000000000e+03 2.620964800527741251e-03
2.470000000000000000e+03 2.530665438175414440e-03
2.237000000000000000e+03 2.503048497159776793e-03
4.191000000000000000e+03 2.316955574474819160e-03
7.553000000000000000e+03 2.175898026115960851e-03
5.254000000000000000e+03 2.157473731922023887e-03
2.328000000000000000e+03 2.046922215586721282e-03
1.186000000000000000e+03 2.041065168709271706e-03
1.297000000000000000e+03 1.962434925137709375e-03
4.335000000000000000e+03 1.943383612268798077e-03
7.620000000000000000e+03 1.938552270422656560e-03
5.412000000000000000e+03 1.928127870939055650e-03
7.632000000000000000e+03 1.916700933069919420e-03
4.875000000000000000e+03 1.879501792499608040e-03
6.946000000000000000e+03 1.813747637277421474e-03
3.352000000000000000e+03 1.790330303680423823e-03
6.832000000000000000e+03 1.773921510008497158e-03
2.654000000000000000e+03 1.772959912362727201e-03
7.620000000000000000e+02 1.749244640182632659e-03
7.370000000000000000e+02 1.747553359976815063e-03
2.066000000000000000e+03 1.733703996416409952e-03
3.089000000000000000e+03 1.730401121352297036e-03
8.293000000000000000e+03 1.709768024957523860e-03
2.800000000000000000e+01 1.693953722427443600e-03
2.535000000000000000e+03 1.672320692064060282e-03
3.334000000000000000e+03 1.664430260275180044e-03
2.140000000000000000e+02 1.657029318921057932e-03
6.650000000000000000e+02 1.647156262154511521e-03
4.735000000000000000e+03 1.625497629917017905e-03
6.774000000000000000e+03 1.619232137384713811e-03
7.092000000000000000e+03 1.606251662416711273e-03
2.565000000000000000e+03 1.555925212093903741e-03
5.484000000000000000e+03 1.547426328804819493e-03
8.042000000000000000e+03 1.481281589018345040e-03
4.310000000000000000e+03 1.467186239238771252e-03
3.456000000000000000e+03 1.423550344761789852e-03
1.211000000000000000e+03 1.423032205490224952e-03
5.423000000000000000e+03 1.421621168681770457e-03
2.657000000000000000e+03 1.369314332765494795e-03
5.404000000000000000e+03 1.368385636659253269e-03
5.233000000000000000e+03 1.366535889499409778e-03
4.712000000000000000e+03 1.346957903320010995e-03
2.710000000000000000e+02 1.330160363253138443e-03
4.828000000000000000e+03 1.304716255198563272e-03
5.079000000000000000e+03 1.303296596379853716e-03
4.261000000000000000e+03 1.289616752236085427e-03
5.210000000000000000e+03 1.283970840054550391e-03
8.163000000000000000e+03 1.266989520069942889e-03
6.914000000000000000e+03 1.264023874438768760e-03
3.459000000000000000e+03 1.261578614699182792e-03
1.549000000000000000e+03 1.247207563540569421e-03
2.285000000000000000e+03 1.245137323469621207e-03
1.842000000000000000e+03 1.238581430007514722e-03
4.666000000000000000e+03 1.215507367388236372e-03
9.930000000000000000e+02 1.204589793339969506e-03
3.084000000000000000e+03 1.187727575594022065e-03
5.123000000000000000e+03 1.187104077710363342e-03
3.562000000000000000e+03 1.182452833982479065e-03
1.026000000000000000e+03 1.176201773849006992e-03
2.958000000000000000e+03 1.162491141258745024e-03
3.537000000000000000e+03 1.147639324204767410e-03
3.117000000000000000e+03 1.147446008284158398e-03
2.576000000000000000e+03 1.144081903359393283e-03
2.643000000000000000e+03 1.125000776036580181e-03
9.220000000000000000e+02 1.112855152540182576e-03
5.022000000000000000e+03 1.111242434206825141e-03
2.990000000000000000e+02 1.107753933128421703e-03
1.855000000000000000e+03 1.104295100651915551e-03
2.651000000000000000e+03 1.103275192062182913e-03
3.897000000000000000e+03 1.102575257999723318e-03
4.110000000000000000e+03 1.099314240557589147e-03
2.820000000000000000e+02 1.077489071810843347e-03
4.600000000000000000e+03 1.074045935120236488e-03
1.031000000000000000e+03 1.072519635713143227e-03
4.687000000000000000e+03 1.071796273788752814e-03
7.699000000000000000e+03 1.070300536895186453e-03
4.536000000000000000e+03 1.068370322177672038e-03
2.746000000000000000e+03 1.067638041789775727e-03
2.871000000000000000e+03 1.067570026551405062e-03
3.755000000000000000e+03 1.066569904710604460e-03
3.443000000000000000e+03 1.066298566373098406e-03
1.385000000000000000e+03 1.062524080920576684e-03
3.568000000000000000e+03 1.055081590257495473e-03
5.459000000000000000e+03 1.053413658482417036e-03
5.543000000000000000e+03 1.052703593472912192e-03
4.400000000000000000e+03 1.049965455344844655e-03
2.485000000000000000e+03 1.034033088533862707e-03
1.633000000000000000e+03 1.020511776842031662e-03
3.976000000000000000e+03 1.017547574022793864e-03
7.890000000000000000e+03 1.017241593764037395e-03
4.256000000000000000e+03 1.014950542280861415e-03
1.726000000000000000e+03 9.999592615646461617e-04
3.238000000000000000e+03 9.940366918401210075e-04
2.323000000000000000e+03 9.912994232499107699e-04
3.034000000000000000e+03 9.870028382480203200e-04
6.784000000000000000e+03 9.853125183085413921e-04
